1 0.16428164281642815
2 0.1973419734197342
3 0.14889148891488915
4 0.16428164281642815
5 0.15135151351513515
6 0.14712147121471214
7 0.15569155691556916
8 0.17069170691706917
9 0.14829148291482916
10 0.14458144581445814
11 0.16428164281642815
12 0.14893148931489314
13 0.16290162901629016
14 0.1973419734197342
15 0.12612126121261213
16 0.16958169581695817
17 0.16242162421624215
18 0.14700147001470015
19 0.15293152931529316
20 0.14135141351413513
21 0.14719147191471915
22 0.16522165221652216
23 0.15987159871598716
24 0.14918149181491816
25 0.14978149781497815
26 0.15474154741547416
27 0.14693146931469314
28 0.16235162351623517
29 0.16428164281642815
30 0.12951129511295112
31 0.16952169521695218
32 0.15746157461574617
33 0.14064140641406414
34 0.15629156291562915
35 0.14411144111441115
36 0.14889148891488915
37 0.15329153291532915
38 0.17098170981709818
39 0.14423144231442314
40 0.14421144211442113
41 0.16728167281672818
42 0.14778147781477816
43 0.16424164241642417
44 0.16185161851618515
45 0.12486124861248613
46 0.16074160741607416
47 0.16518165181651817
48 0.15014150141501414
49 0.16206162061620616
50 0.14825148251482514
51 0.14207142071420714
52 0.16450164501645018
53 0.16466164661646618
54 0.14175141751417514
55 0.14556145561455613
56 0.16025160251602516
57 0.14710147101471013
58 0.15319153191531915
59 0.15387153871538714
60 0.13591135911359115
61 0.16412164121641215
62 0.16463164631646315
63 0.15155151551515514
64 0.17322173221732218
65 0.13218132181321812
66 0.14640146401464016
67 0.16490164901649015
68 0.15937159371593715
69 0.15272152721527216
70 0.13791137911379114
71 0.15718157181571815
72 0.14560145601456015
73 0.16717167171671718
74 0.17316173161731618
75 0.12794127941279412
76 0.16428164281642815
77 0.16265162651626516
78 0.13822138221382213
79 0.17233172331723318
80 0.15031150311503114
81 0.14734147341473414
82 0.1973419734197342
83 0.15866158661586616
84 0.13707137071370715
85 0.13985139851398515
86 0.16342163421634218
87 0.13772137721377214
88 0.15693156931569316
89 0.15854158541585417
90 0.13060130601306014
91 0.16001160011600116
92 0.16426164261642617
93 0.15277152771527716
94 0.16940169401694016
95 0.14012140121401215
96 0.14752147521475215
97 0.16845168451684517
98 0.15095150951509514
99 0.14513145131451313
100 0.14050140501405015